65.419,11.931,0.125,0,1.0866,0,0,0.94405,4.7408,3.1148,7.0361
5.2838,68.817,5.3312,0,1.2865,0,0,0.090909,0,1.7108,0.083333
1.0003,9.8135,76.627,4.7053,10.151,0,0,0,0,2.3516,0
0,0,1.133,54.003,13.449,6.1321,0.4375,0.53333,0,0.26667,0
0.1,0.94773,11.219,10.012,52.008,1.7114,0,0.28526,0,6.3759,0
0.090909,0.17143,1.2414,26.436,7.0848,79.437,12.744,6.3348,1.1773,1.8555,0.090909
0,0,0,1.2178,0.0625,4.7107,80.835,6.8352,0.927,0,0
0.72312,0.2,0.0625,0.86786,3.1774,4.4803,4.3469,61.472,8.7087,15.549,0.35758
5.2392,0.725,0.21978,1.6491,0.49683,3.4281,1.6373,15.866,80.492,1.879,2.864
0.65873,3.3452,4.0411,1.1096,10.87,0.1,0,7.4503,0.70803,66.83,0.20833
21.485,4.049,0,0,0.32702,0,0,0.18803,3.2458,0.066667,89.36
 
69.98,1.4821
