79.457,9.6497,0.11111,0,0.35476,0,0,0.52424,3.3139,0.86035,7.2247
3.8401,77.355,3.6425,0,1.0542,0,0,0,0,1.3587,0
0,8.1961,84.589,3.0866,9.927,0.11111,0,0.1,0,0.82553,0
0,0,0.52904,70.395,11.856,6.7852,0.058824,0.21111,0,0.575,0
0,0.48761,8.1419,5.8906,60.484,0.83132,0,0,0,6.2841,0
0,0,0.46587,17.826,3.6566,81.349,10.244,4.4017,0.775,1.1469,0
0.8,0.61538,0.55556,0.80754,0.33333,5.265,86.301,7.3468,0.80871,0.15385,0.44444
0,0,0.1,0.47778,1.8487,4.5671,2.7821,66.715,6.1582,11.485,0.25
3.0165,0,0,0.090909,0,0.88172,0.61389,14.721,85.036,0.30192,0.31944
0.16026,1.4295,1.8646,1.3003,10.374,0.2094,0,5.5965,0.52541,77.009,0
12.726,2.2667,0,0.125,0.11111,0,0,0.38384,3.3832,0,91.761
 
77.677,2.4517
